$ ./subtask3
Loaded Image:
0 0 0 0 0 0 0 0 0 0 0 0 0 0 0 0 0 0 0 0 0 0 0 0 0 0 0 0
0 0 0 0 0 0 0 0 0 0 0 0 0 0 0 0 0 0 0 0 0 0 0 0 0 0 0 0
0 0 0 0 0 0 0 0 0 0 0 0 0 0 0 0 0 0 0 0 0 0 0 0 0 0 0 0
0 0 0 0 0 0 0 0 0 0 0 0 0 0 0 0 0 0 0 0 0 0 0 0 0 0 0 0
0 0 0 0 0 0 0 0 0 0 0 0 0 0 0 0 0 0 0 0 0 0 0 0 0 0 0 0
0 0 0 0 0 0 0 0 0 0 0 0 0 0 0 0 0 0 0 0 0 0 0 0 0 0 0 0
0 0 0 0 0 0 0 0 0 0 0 0.996078 1 1 1 1 1 0 0 0 0 0 0 0 0 0 0 0
0 0 0 0 0 0 0 0 0.376471 1 1 1 1 1 1 1 1 1 0 0 0 0 0 0 0 0 0 0
0 0 0 0 0 0 0 1 1 1 1 0.729412 0 0 0 0 1 1 0 0 0 0 0 0 0 0 0 0
0 0 0 0 0 0 1 1 1 0.188235 0 0 0 0 0 0 1 1 0 0 0 0 0 0 0 0 0 0
0 0 0 0 0 0 0.062745 1 0.003922 0 0 0 0 0 0 1 1 0.427451 0 0 0 0 0 0 0 0 0 0
0 0 0 0 0 0 0 0 0 0 0 0 0 0 1 1 1 0 0 0 0 0 0 0 0 0 0 0
0 0 0 0 0 0 0 0 0 0 0 0 0 1 1 1 0 0 0 0 0 0 0 0 0 0 0 0
0 0 0 0 0 0 0 0 0 0 0 0 1 1 1 0 0 0 0 0 0 0 0 0 0 0 0 0
0 0 0 0 0 0 0 0 0 0 0 1 1 1 0 0 0 0 0 0 0 0 0 0 0 0 0 0
0 0 0 0 0 0 0 0 0 0 1 1 1 0 0 0 0 0 0 0 0 0 0 0 0 0 0 0
0 0 0 0 0 0 0 0 0.12549 1 1 1 0 0 0 0 0 0 0 0 0 0 0 0 0 0 0 0
0 0 0 0 0 0 0 1 1 1 0.870588 0 0 0 0 0 0 0 0 0 0 0 0 0 0 0 0 0
0 0 0 0 0 0 1 1 1 0.2 0 0.105882 0.196078 0.247059 0.427451 1 1 0 0 0 0 0 0 0 0 0 0 0
0 0 0 0 0 1 1 1 1 1 1 1 1 1 1 1 1 1 0 0 0 0 0 0 0 0 0 0
0 0 0 0 0 1 1 1 1 1 1 1 1 1 1 1 1 0.682353 0 0 0 0 0 0 0 0 0 0
0 0 0 0 0 0 0 0 0 0 0 0 0 0 0 0 0 0 0 0 0 0 0 0 0 0 0 0
0 0 0 0 0 0 0 0 0 0 0 0 0 0 0 0 0 0 0 0 0 0 0 0 0 0 0 0
0 0 0 0 0 0 0 0 0 0 0 0 0 0 0 0 0 0 0 0 0 0 0 0 0 0 0 0
0 0 0 0 0 0 0 0 0 0 0 0 0 0 0 0 0 0 0 0 0 0 0 0 0 0 0 0
0 0 0 0 0 0 0 0 0 0 0 0 0 0 0 0 0 0 0 0 0 0 0 0 0 0 0 0
0 0 0 0 0 0 0 0 0 0 0 0 0 0 0 0 0 0 0 0 0 0 0 0 0 0 0 0
0 0 0 0 0 0 0 0 0 0 0 0 0 0 0 0 0 0 0 0 0 0 0 0 0 0 0 0
Conv1 output (Channel 0):
-0.270575 -0.270575 -0.270575 -0.270575 -0.270575 -0.270575 -0.270575 -0.270575 -0.270575 -0.270575 -0.270575 -0.270575 -0.270575 -0.270575 -0.270575 -0.270575 -0.270575 -0.270575 -0.270575 -0.270575 -0.270575 -0.270575 -0.270575 -0.270575
-0.270575 -0.270575 -0.270575 -0.270575 -0.270575 -0.270575 -0.270575 -0.270575 -0.270575 -0.270575 -0.270575 -0.270575 -0.270575 -0.270575 -0.270575 -0.270575 -0.270575 -0.270575 -0.270575 -0.270575 -0.270575 -0.270575 -0.270575 -0.270575
-0.270575 -0.270575 -0.270575 -0.270575 -0.270575 -0.270575 -0.270575 -0.259314 -0.309741 -0.200397 0.100631 0.174406 0.174692 0.163387 0.214057 0.104083 -0.197698 -0.270575 -0.270575 -0.270575 -0.270575 -0.270575 -0.270575 -0.270575
-0.270575 -0.270575 -0.270575 -0.270575 -0.266319 -0.278346 -0.268538 0.260055 0.820325 0.727845 0.725386 0.657188 0.65692 0.309147 -0.046811 0.14368 0.035624 -0.197698 -0.270575 -0.270575 -0.270575 -0.270575 -0.270575 -0.270575
-0.270575 -0.270575 -0.270575 -0.25927 -0.179014 0.277559 0.741602 0.615073 0.818412 0.963965 0.671869 0.512553 0.47102 0.52922 0.053959 -0.119103 0.115067 -0.266157 -0.270575 -0.270575 -0.270575 -0.270575 -0.270575 -0.270575
-0.270575 -0.270575 -0.25927 0.037833 0.451474 0.621514 0.940582 0.427846 -0.205108 -0.346236 0.0325772 0.159931 0.569362 1.19838 0.885906 0.527548 0.09033 -0.184796 -0.270575 -0.270575 -0.270575 -0.270575 -0.270575 -0.270575
-0.270575 -0.270575 0.0779073 0.321107 0.22946 0.101828 -0.193044 -0.198382 -0.0575605 0.0023981 -0.275382 -0.189299 -0.060405 0.741977 1.2577 0.400191 0.209858 -0.119813 -0.270575 -0.270575 -0.270575 -0.270575 -0.270575 -0.270575
-0.270575 -0.270575 -0.357624 -0.118928 0.0139849 -0.466489 -0.101154 -0.133471 0.121619 0.020625 -0.162742 -0.106497 -0.173613 0.0365039 0.703066 0.410547 -0.113719 -0.110079 -0.270575 -0.270575 -0.270575 -0.270575 -0.270575 -0.270575
-0.270575 -0.270575 -0.612444 -0.795942 -0.378687 0.272809 -0.0785447 0.0460837 -0.188707 -0.321953 -0.103208 0.384822 0.297293 0.29418 0.310368 0.144654 -0.110517 -0.127399 -0.270575 -0.270575 -0.270575 -0.270575 -0.270575 -0.270575
-0.270575 -0.270575 -0.419668 -0.784234 -0.258979 -0.234022 -0.0241231 -0.328013 -0.293996 0.0381509 0.38359 0.425364 0.284431 0.0160916 0.405158 0.0240369 -0.152267 -0.223273 -0.270575 -0.270575 -0.270575 -0.270575 -0.270575 -0.270575
-0.270575 -0.270575 -0.278611 -0.401945 -0.314094 -0.13058 -0.465549 -0.258348 0.0378396 0.38359 0.425364 0.284431 -0.175734 0.368977 0.0806179 0.0793063 -0.24582 -0.269853 -0.270575 -0.270575 -0.270575 -0.270575 -0.270575 -0.270575
-0.270575 -0.270575 -0.270575 -0.270575 -0.270575 -0.270575 -0.25927 0.037833 0.38359 0.425364 0.284431 -0.175734 0.29565 0.050511 0.166608 -0.357855 -0.268886 -0.270575 -0.270575 -0.270575 -0.270575 -0.270575 -0.270575 -0.270575
-0.270575 -0.270575 -0.270575 -0.270575 -0.269156 -0.265629 0.0516337 0.42146 0.434509 0.284431 -0.175734 0.29565 0.050511 0.166608 -0.357855 -0.268886 -0.270575 -0.270575 -0.270575 -0.270575 -0.270575 -0.270575 -0.270575 -0.270575
-0.270575 -0.270575 -0.270575 -0.25927 -0.266298 0.191058 0.666362 0.504558 0.261608 -0.214788 0.286219 0.050511 0.166608 -0.357855 -0.268886 -0.270575 -0.270575 -0.270575 -0.270575 -0.270575 -0.270575 -0.270575 -0.270575 -0.270575
-0.270575 -0.270575 -0.25927 0.037833 0.478798 0.564886 0.514549 0.0680924 -0.392003 0.242099 0.105201 0.250313 -0.261364 -0.0625805 0.172331 0.104083 -0.197698 -0.270575 -0.270575 -0.270575 -0.270575 -0.270575 -0.270575 -0.270575
-0.270575 -0.25927 0.037833 0.38359 0.729663 0.414338 -0.199145 0.132119 0.764243 0.706251 0.807532 0.540339 0.795143 0.361791 -0.00761485 0.14368 0.035624 -0.197698 -0.270575 -0.270575 -0.270575 -0.270575 -0.270575 -0.270575
-0.270575 0.088503 0.273616 0.134888 0.631961 0.611512 0.840852 1.14239 1.13656 1.028 0.586713 0.673934 0.834994 1.02426 0.398129 -0.0811589 0.0192072 -0.289306 -0.270575 -0.270575 -0.270575 -0.270575 -0.270575 -0.270575
-0.270575 -0.031672 0.2041 0.14949 0.101623 0.825657 0.794332 0.7619 0.501045 0.250594 0.38383 0.240933 0.308846 0.67034 0.585651 0.0917477 -0.283719 -0.235927 -0.270575 -0.270575 -0.270575 -0.270575 -0.270575 -0.270575
-0.270575 -0.714483 -0.583975 -0.317618 -0.00596198 0.0888868 0.158257 0.0332304 0.142158 0.184815 0.151728 0.0592179 0.0467935 0.261536 0.539877 0.144174 0.120114 -0.108349 -0.270575 -0.270575 -0.270575 -0.270575 -0.270575 -0.270575
-0.270575 -0.733684 -0.753846 -0.463286 -0.368341 -0.259943 -0.259943 -0.259943 -0.259943 -0.259943 -0.259943 -0.259943 -0.259943 -0.153519 0.192867 0.179467 -0.159547 -0.196073 -0.270575 -0.270575 -0.270575 -0.270575 -0.270575 -0.270575
-0.270575 -0.398646 -0.45123 -0.298751 -0.494429 -0.49274 -0.49274 -0.49274 -0.49274 -0.49274 -0.49274 -0.49274 -0.49274 -0.452059 -0.347966 -0.360519 -0.402407 -0.269423 -0.270575 -0.270575 -0.270575 -0.270575 -0.270575 -0.270575
-0.270575 -0.270575 -0.270575 -0.270575 -0.270575 -0.270575 -0.270575 -0.270575 -0.270575 -0.270575 -0.270575 -0.270575 -0.270575 -0.270575 -0.270575 -0.270575 -0.270575 -0.270575 -0.270575 -0.270575 -0.270575 -0.270575 -0.270575 -0.270575
-0.270575 -0.270575 -0.270575 -0.270575 -0.270575 -0.270575 -0.270575 -0.270575 -0.270575 -0.270575 -0.270575 -0.270575 -0.270575 -0.270575 -0.270575 -0.270575 -0.270575 -0.270575 -0.270575 -0.270575 -0.270575 -0.270575 -0.270575 -0.270575
-0.270575 -0.270575 -0.270575 -0.270575 -0.270575 -0.270575 -0.270575 -0.270575 -0.270575 -0.270575 -0.270575 -0.270575 -0.270575 -0.270575 -0.270575 -0.270575 -0.270575 -0.270575 -0.270575 -0.270575 -0.270575 -0.270575 -0.270575 -0.270575
ReLU output:
0 0 0 0 0 0 0 0 0 0 0 0 0 0 0 0 0 0 0 0 0 0 0 0
0 0 0 0 0 0 0 0 0 0 0 0 0 0 0 0 0 0 0 0 0 0 0 0
0 0 0 0 0 0 0 0 0 0 0.100631 0.174406 0.174692 0.163387 0.214057 0.104083 0 0 0 0 0 0 0 0
0 0 0 0 0 0 0 0.260055 0.820325 0.727845 0.725386 0.657188 0.65692 0.309147 0 0.14368 0.035624 0 0 0 0 0 0 0
0 0 0 0 0 0.277559 0.741602 0.615073 0.818412 0.963965 0.671869 0.512553 0.47102 0.52922 0.053959 0 0.115067 0 0 0 0 0 0 0
0 0 0 0.037833 0.451474 0.621514 0.940582 0.427846 0 0 0.0325772 0.159931 0.569362 1.19838 0.885906 0.527548 0.09033 0 0 0 0 0 0 0
0 0 0.0779073 0.321107 0.22946 0.101828 0 0 0 0.0023981 0 0 0 0.741977 1.2577 0.400191 0.209858 0 0 0 0 0 0 0
0 0 0 0 0.0139849 0 0 0 0.121619 0.020625 0 0 0 0.0365039 0.703066 0.410547 0 0 0 0 0 0 0 0
0 0 0 0 0 0.272809 0 0.0460837 0 0 0 0.384822 0.297293 0.29418 0.310368 0.144654 0 0 0 0 0 0 0 0
0 0 0 0 0 0 0 0 0 0.0381509 0.38359 0.425364 0.284431 0.0160916 0.405158 0.0240369 0 0 0 0 0 0 0 0
0 0 0 0 0 0 0 0 0.0378396 0.38359 0.425364 0.284431 0 0.368977 0.0806179 0.0793063 0 0 0 0 0 0 0 0
0 0 0 0 0 0 0 0.037833 0.38359 0.425364 0.284431 0 0.29565 0.050511 0.166608 0 0 0 0 0 0 0 0 0
0 0 0 0 0 0 0.0516337 0.42146 0.434509 0.284431 0 0.29565 0.050511 0.166608 0 0 0 0 0 0 0 0 0 0
0 0 0 0 0 0.191058 0.666362 0.504558 0.261608 0 0.286219 0.050511 0.166608 0 0 0 0 0 0 0 0 0 0 0
0 0 0 0.037833 0.478798 0.564886 0.514549 0.0680924 0 0.242099 0.105201 0.250313 0 0 0.172331 0.104083 0 0 0 0 0 0 0 0
0 0 0.037833 0.38359 0.729663 0.414338 0 0.132119 0.764243 0.706251 0.807532 0.540339 0.795143 0.361791 0 0.14368 0.035624 0 0 0 0 0 0 0
0 0.088503 0.273616 0.134888 0.631961 0.611512 0.840852 1.14239 1.13656 1.028 0.586713 0.673934 0.834994 1.02426 0.398129 0 0.0192072 0 0 0 0 0 0 0
0 0 0.2041 0.14949 0.101623 0.825657 0.794332 0.7619 0.501045 0.250594 0.38383 0.240933 0.308846 0.67034 0.585651 0.0917477 0 0 0 0 0 0 0 0
0 0 0 0 0 0.0888868 0.158257 0.0332304 0.142158 0.184815 0.151728 0.0592179 0.0467935 0.261536 0.539877 0.144174 0.120114 0 0 0 0 0 0 0
0 0 0 0 0 0 0 0 0 0 0 0 0 0 0.192867 0.179467 0 0 0 0 0 0 0 0
0 0 0 0 0 0 0 0 0 0 0 0 0 0 0 0 0 0 0 0 0 0 0 0
0 0 0 0 0 0 0 0 0 0 0 0 0 0 0 0 0 0 0 0 0 0 0 0
0 0 0 0 0 0 0 0 0 0 0 0 0 0 0 0 0 0 0 0 0 0 0 0
0 0 0 0 0 0 0 0 0 0 0 0 0 0 0 0 0 0 0 0 0 0 0 0
Pool1 output:
0 0 0 0 0 0 0 0 0 0 0 0
0 0 0 0.260055 0.820325 0.725386 0.65692 0.214057 0.035624 0 0 0
0 0.037833 0.621514 0.940582 0.963965 0.671869 1.19838 0.885906 0.115067 0 0 0
0 0.321107 0.22946 0 0.121619 0 0.741977 1.2577 0.209858 0 0 0
0 0 0.272809 0.0460837 0.0381509 0.425364 0.297293 0.405158 0 0 0 0
0 0 0 0.037833 0.425364 0.425364 0.368977 0.166608 0 0 0 0
0 0 0.191058 0.666362 0.434509 0.29565 0.166608 0 0 0 0 0
0 0.38359 0.729663 0.514549 0.764243 0.807532 0.795143 0.172331 0.035624 0 0 0
0.088503 0.273616 0.825657 1.14239 1.13656 0.673934 1.02426 0.585651 0.0192072 0 0 0
0 0 0.0888868 0.158257 0.184815 0.151728 0.261536 0.539877 0.120114 0 0 0
0 0 0 0 0 0 0 0 0 0 0 0
0 0 0 0 0 0 0 0 0 0 0 0
Conv2 output:
-0.0740129 -0.0434658 -0.0253729 0.0337196 -0.0159089 -0.100937 -0.121602 -0.0728722
0.00336001 0.0807453 0.0600914 0.126158 0.184103 0.0795732 0.0193095 0.000473196
0.0538848 0.0314849 0.0511308 0.0506984 0.0911622 0.107405 0.125052 0.0654121
-0.0145437 -0.00287129 -0.000610143 -0.0686994 -0.00622554 0.0626212 0.111546 0.053464
-0.0327293 -0.0712116 -0.0730519 -0.0356818 -0.054178 -0.0332143 0.0195565 0.00919904
-0.0687865 -0.126264 -0.0868116 -0.0632108 -0.112595 -0.121428 -0.075327 -0.0279286
0.000363102 0.0351829 0.0173127 0.072757 0.0484316 -0.0228053 -0.0496247 -0.0463483
0.0741132 0.157018 0.159132 0.182157 0.195317 0.13076 0.0557678 0.000950476
ReLU2 output:
0 0 0 0.0337196 0 0 0 0
0.00336001 0.0807453 0.0600914 0.126158 0.184103 0.0795732 0.0193095 0.000473196
0.0538848 0.0314849 0.0511308 0.0506984 0.0911622 0.107405 0.125052 0.0654121
0 0 0 0 0 0.0626212 0.111546 0.053464
0 0 0 0 0 0 0.0195565 0.00919904
0 0 0 0 0 0 0 0
0.000363102 0.0351829 0.0173127 0.072757 0.0484316 0 0 0
0.0741132 0.157018 0.159132 0.182157 0.195317 0.13076 0.0557678 0.000950476
Pool2 output:
0.0807453 0.126158 0.184103 0.0193095
0.0538848 0.0511308 0.107405 0.125052
0 0 0 0.0195565
0.157018 0.182157 0.195317 0.0557678
FC1 output after ReLU:
0 0 0.0105666 0 0.0252277 0 0 0 0.0113578 0 0 0.0012664 0 0 0.00720344 0 0 0 0.00961616 0.00306483 0 0 0 0 0 0 0 0.00427393 0.011987 0.00853956 0.00226403 0.0082344 0 0 0 0.00668486 0.0111264 0.0154501 0 0.0025591 0 0 0 0.00362342 0.00455913 0.000101725 0 0 0.0125617 0.00106375 0.00278705 0.0261184 0 0.00432845 0.00649197 0.0052735 0.00644815 0 0 0 0 0 0 0 0 0 0 0 0 0.0158109 0 0 0 0 0.000217052 0.014898 0 0 0.0233834 0 0.00714964 0 0 0.000542869 0 0 0 0 0 0.0132458 0.00661995 0.0101273 0 0 0.0210703 0 0.00174183 0 0.0130923 0.00789266 0.00310942 0.0154476 0.013545 0 0.0100247 0 0.025971 0 0.00556867 0 0.00948252 0.00832023 0.00116634 0.0166063 0 0.0103112 0.0113228 0.0114564 0 0 0 0 0 0 0 0 0 0.00841141 0 0.00736997 0 0 0.0130336 0 0 0 0.0166011 0.00238351 0 0 0 0 0 0 0.000815936 0.0141969 0.0145369 0.00545846 0.00884507 0 0 0 0.00221534 0 0.00253234 0 0.00273847 0 0 0.0215081 0 0.00783662 0.00742373 0 0.00853141 0.00146464 0 0.00820867 0.00101737 0.00830122 0 0 0.00879107 0.00658215 0 0.019277 0 0 0 0 0.00561538 0 0 0.00812533 0.0223028 0 0 0 0.0146555 0.0126559 0 0 0 1.10581e-05 0 0 0 0 0.012362 0.0120069 0 0 0.00222152 0 0.00237719 0.013919 0.00395323 0 0 0 0 0.0138488 0 0 0 0.0054109 0 0.0136939 0 0.002885 0.0116611 0 0.0175659 0 0.0066822 0 0.00465921 0.00196551 0.005017 0 0 0 0 0.00142272 0 0.00297774 0 0 0.00639944 0.00646092 0 0.0192326 0 0.0135924 0 0 0 0.0178711 0.00450678 0.0201937 0.0157819 0.0136108 0 0 0.0060167 0.0069892 0 0 0.00422615 0.00212897 0.0058885 0 0 0 0.00186303 0 0 0.000426182 0 0 0 0.00649904 0.0199132 0 0.00644495 0.0118691 0 0.0119025 0.00191452 0 0.0183465 0.00276941 0.0101233 0 0.0125413 0 0 0.0165068 0.00968592 0 0.00729167 0 0.00283367 0 0.0024921 0.0043834 0 0.0232182 0 0 0.00594841 0.00714557 0.00140248 0.0089381 0.0240044 0.000631104 0 0.00810024 0 0 0.00433975 0.00772969 0 0.00384067 0 0 0.0130845 0 0 0.00780253 0.00534893 0 0.0170728 0.0112472 0 0.00756448 0 0 0 0.000328893 0 0 0 0.0163438 0.00519664 0 0.00075569 0 0.0165841 0.00515689 0 0 0 0.00511957 0 0.006711 0 0 0 0.00347937 0 0.00461144 0.024087 0 0 0.00404495 0.00388192 0.00326207 0.0048927 0 0.0145051 0.00935252 0 0.00616374 0 0 0 0 0.0194146 0.00221542 0.0082739 0 0 0 0.0120325 0.0119268 0.02179 0 0.0108515 0.00345641 0.0122625 0.00285897 0.00451108 0.0170691 0 0 0.000590798 0.0027055 0.00621707 0.00192106 0 0.00462035 0 0 0.0142029 0 0 0.00301061 0.00236726 0 0.0135926 0.00303404 0 0.0203439 0 0.0148436 0 0 0 0 0 0.0096692 0.0110069 0.0217227 0.0128199 0 0 0.0170516 0.00429964 0.00683067 0.0165868 0 0 0 0 0 0 0 0 0 0.0106095 0 0.0159937 0 0 0.00876457 0.0119843 0.0055535 0 0.0166295 0 0 0 0.0300516 0.000308052 0 0 0.00143754 0.0054169 0.0133526 0.000636156 0.00751605 0.0172117 0 0 0 0 0.009735 0.000525955 0.00445472 0 0 0.00982517 0.00427397 0.00289378 0 0 0.00521884 0.0102011 0.0106278 0.00884901 0.00718497 0 0.0144184 0.00889562 0.00639851 0 0 0 0.000515096 0.00183946 0.000240806 0.0142022 0 0 0.00256055 0.0291423 0 0.0100911 0.00254256 0.00657254 0.00189969 0.00100409 0 0.00183111 0 0 0 0 0.00570175
Softmax probabilities:
0.0000000 class 0
0.0000000 class 1
0.0000000 class 2
0.0000000 class 3
0.0000000 class 4
0.0000000 class 5
0.0000000 class 6
0.0000000 class 7
0.0000000 class 8
0.0000000 class 9