$ python3 subtask.py
After Conv1:
 tensor([[[-0.2706, -0.2706, -0.2706, -0.2706, -0.2706, -0.2706, -0.2706,
          -0.2706, -0.2706, -0.2706, -0.2706, -0.2706, -0.2706, -0.2706,
          -0.2706, -0.2706, -0.2706, -0.2706, -0.2706, -0.2706, -0.2706,
          -0.2706, -0.2706, -0.2706],
         [-0.2706, -0.2706, -0.2706, -0.2706, -0.2706, -0.2706, -0.2706,
          -0.2706, -0.2706, -0.2706, -0.2706, -0.2706, -0.2706, -0.2706,
          -0.2706, -0.2706, -0.2706, -0.2706, -0.2706, -0.2706, -0.2706,
          -0.2706, -0.2706, -0.2706],
         [-0.2706, -0.2706, -0.2706, -0.2706, -0.2706, -0.2706, -0.2706,
          -0.2593, -0.3097, -0.2004,  0.1006,  0.1744,  0.1747,  0.1634,
           0.2141,  0.1041, -0.1977, -0.2706, -0.2706, -0.2706, -0.2706,
          -0.2706, -0.2706, -0.2706],
         [-0.2706, -0.2706, -0.2706, -0.2706, -0.2663, -0.2783, -0.2685,
           0.2601,  0.8203,  0.7278,  0.7254,  0.6572,  0.6569,  0.3091,
          -0.0468,  0.1437,  0.0356, -0.1977, -0.2706, -0.2706, -0.2706,
          -0.2706, -0.2706, -0.2706],
         [-0.2706, -0.2706, -0.2706, -0.2593, -0.1790,  0.2776,  0.7416,
           0.6151,  0.8184,  0.9640,  0.6719,  0.5126,  0.4710,  0.5292,
           0.0540, -0.1191,  0.1151, -0.2662, -0.2706, -0.2706, -0.2706,
          -0.2706, -0.2706, -0.2706],
         [-0.2706, -0.2706, -0.2593,  0.0378,  0.4515,  0.6215,  0.9406,
           0.4278, -0.2051, -0.3462,  0.0326,  0.1599,  0.5694,  1.1984,
           0.8859,  0.5275,  0.0903, -0.1848, -0.2706, -0.2706, -0.2706,
          -0.2706, -0.2706, -0.2706],
         [-0.2706, -0.2706,  0.0779,  0.3211,  0.2295,  0.1018, -0.1930,
          -0.1984, -0.0576,  0.0024, -0.2754, -0.1893, -0.0604,  0.7420,
           1.2577,  0.4002,  0.2099, -0.1198, -0.2706, -0.2706, -0.2706,
          -0.2706, -0.2706, -0.2706],
         [-0.2706, -0.2706, -0.3576, -0.1189,  0.0140, -0.4665, -0.1012,
          -0.1335,  0.1216,  0.0206, -0.1627, -0.1065, -0.1736,  0.0365,
           0.7031,  0.4105, -0.1137, -0.1101, -0.2706, -0.2706, -0.2706,
          -0.2706, -0.2706, -0.2706],
         [-0.2706, -0.2706, -0.6124, -0.7959, -0.3787,  0.2728, -0.0785,
           0.0461, -0.1887, -0.3220, -0.1032,  0.3848,  0.2973,  0.2942,
           0.3104,  0.1447, -0.1105, -0.1274, -0.2706, -0.2706, -0.2706,
          -0.2706, -0.2706, -0.2706],
         [-0.2706, -0.2706, -0.4197, -0.7842, -0.2590, -0.2340, -0.0241,
          -0.3280, -0.2940,  0.0382,  0.3836,  0.4254,  0.2844,  0.0161,
           0.4052,  0.0240, -0.1523, -0.2233, -0.2706, -0.2706, -0.2706,
          -0.2706, -0.2706, -0.2706],
         [-0.2706, -0.2706, -0.2786, -0.4019, -0.3141, -0.1306, -0.4655,
          -0.2583,  0.0378,  0.3836,  0.4254,  0.2844, -0.1757,  0.3690,
           0.0806,  0.0793, -0.2458, -0.2699, -0.2706, -0.2706, -0.2706,
          -0.2706, -0.2706, -0.2706],
         [-0.2706, -0.2706, -0.2706, -0.2706, -0.2706, -0.2706, -0.2593,
           0.0378,  0.3836,  0.4254,  0.2844, -0.1757,  0.2957,  0.0505,
           0.1666, -0.3579, -0.2689, -0.2706, -0.2706, -0.2706, -0.2706,
          -0.2706, -0.2706, -0.2706],
         [-0.2706, -0.2706, -0.2706, -0.2706, -0.2692, -0.2656,  0.0516,
           0.4215,  0.4345,  0.2844, -0.1757,  0.2957,  0.0505,  0.1666,
          -0.3579, -0.2689, -0.2706, -0.2706, -0.2706, -0.2706, -0.2706,
          -0.2706, -0.2706, -0.2706],
         [-0.2706, -0.2706, -0.2706, -0.2593, -0.2663,  0.1911,  0.6664,
           0.5046,  0.2616, -0.2148,  0.2862,  0.0505,  0.1666, -0.3579,
          -0.2689, -0.2706, -0.2706, -0.2706, -0.2706, -0.2706, -0.2706,
          -0.2706, -0.2706, -0.2706],
         [-0.2706, -0.2706, -0.2593,  0.0378,  0.4788,  0.5649,  0.5145,
           0.0681, -0.3920,  0.2421,  0.1052,  0.2503, -0.2614, -0.0626,
           0.1723,  0.1041, -0.1977, -0.2706, -0.2706, -0.2706, -0.2706,
          -0.2706, -0.2706, -0.2706],
         [-0.2706, -0.2593,  0.0378,  0.3836,  0.7297,  0.4143, -0.1991,
           0.1321,  0.7642,  0.7063,  0.8075,  0.5403,  0.7951,  0.3618,
          -0.0076,  0.1437,  0.0356, -0.1977, -0.2706, -0.2706, -0.2706,
          -0.2706, -0.2706, -0.2706],
         [-0.2706,  0.0885,  0.2736,  0.1349,  0.6320,  0.6115,  0.8409,
           1.1424,  1.1366,  1.0280,  0.5867,  0.6739,  0.8350,  1.0243,
           0.3981, -0.0812,  0.0192, -0.2893, -0.2706, -0.2706, -0.2706,
          -0.2706, -0.2706, -0.2706],
         [-0.2706, -0.0317,  0.2041,  0.1495,  0.1016,  0.8257,  0.7943,
           0.7619,  0.5010,  0.2506,  0.3838,  0.2409,  0.3088,  0.6703,
           0.5857,  0.0917, -0.2837, -0.2359, -0.2706, -0.2706, -0.2706,
          -0.2706, -0.2706, -0.2706],
         [-0.2706, -0.7145, -0.5840, -0.3176, -0.0060,  0.0889,  0.1583,
           0.0332,  0.1422,  0.1848,  0.1517,  0.0592,  0.0468,  0.2615,
           0.5399,  0.1442,  0.1201, -0.1083, -0.2706, -0.2706, -0.2706,
          -0.2706, -0.2706, -0.2706],
         [-0.2706, -0.7337, -0.7538, -0.4633, -0.3683, -0.2599, -0.2599,
          -0.2599, -0.2599, -0.2599, -0.2599, -0.2599, -0.2599, -0.1535,
           0.1929,  0.1795, -0.1595, -0.1961, -0.2706, -0.2706, -0.2706,
          -0.2706, -0.2706, -0.2706],
         [-0.2706, -0.3986, -0.4512, -0.2988, -0.4944, -0.4927, -0.4927,
          -0.4927, -0.4927, -0.4927, -0.4927, -0.4927, -0.4927, -0.4521,
          -0.3480, -0.3605, -0.4024, -0.2694, -0.2706, -0.2706, -0.2706,
          -0.2706, -0.2706, -0.2706],
         [-0.2706, -0.2706, -0.2706, -0.2706, -0.2706, -0.2706, -0.2706,
          -0.2706, -0.2706, -0.2706, -0.2706, -0.2706, -0.2706, -0.2706,
          -0.2706, -0.2706, -0.2706, -0.2706, -0.2706, -0.2706, -0.2706,
          -0.2706, -0.2706, -0.2706],
         [-0.2706, -0.2706, -0.2706, -0.2706, -0.2706, -0.2706, -0.2706,
          -0.2706, -0.2706, -0.2706, -0.2706, -0.2706, -0.2706, -0.2706,
          -0.2706, -0.2706, -0.2706, -0.2706, -0.2706, -0.2706, -0.2706,
          -0.2706, -0.2706, -0.2706],
         [-0.2706, -0.2706, -0.2706, -0.2706, -0.2706, -0.2706, -0.2706,
          -0.2706, -0.2706, -0.2706, -0.2706, -0.2706, -0.2706, -0.2706,
          -0.2706, -0.2706, -0.2706, -0.2706, -0.2706, -0.2706, -0.2706,
          -0.2706, -0.2706, -0.2706]]])
After Max Pooling1:
 tensor([[[-0.2706, -0.2706, -0.2706, -0.2706, -0.2706, -0.2706, -0.2706,
          -0.2706, -0.2706, -0.2706, -0.2706, -0.2706],
         [-0.2706, -0.2706, -0.2663,  0.2601,  0.8203,  0.7254,  0.6569,
           0.2141,  0.0356, -0.2706, -0.2706, -0.2706],
         [-0.2706,  0.0378,  0.6215,  0.9406,  0.9640,  0.6719,  1.1984,
           0.8859,  0.1151, -0.2706, -0.2706, -0.2706],
         [-0.2706,  0.3211,  0.2295, -0.1012,  0.1216, -0.1065,  0.7420,
           1.2577,  0.2099, -0.2706, -0.2706, -0.2706],
         [-0.2706, -0.4197,  0.2728,  0.0461,  0.0382,  0.4254,  0.2973,
           0.4052, -0.1105, -0.2706, -0.2706, -0.2706],
         [-0.2706, -0.2706, -0.1306,  0.0378,  0.4254,  0.4254,  0.3690,
           0.1666, -0.2458, -0.2706, -0.2706, -0.2706],
         [-0.2706, -0.2593,  0.1911,  0.6664,  0.4345,  0.2957,  0.1666,
          -0.2689, -0.2706, -0.2706, -0.2706, -0.2706],
         [-0.2593,  0.3836,  0.7297,  0.5145,  0.7642,  0.8075,  0.7951,
           0.1723,  0.0356, -0.2706, -0.2706, -0.2706],
         [ 0.0885,  0.2736,  0.8257,  1.1424,  1.1366,  0.6739,  1.0243,
           0.5857,  0.0192, -0.2706, -0.2706, -0.2706],
         [-0.2706, -0.3176,  0.0889,  0.1583,  0.1848,  0.1517,  0.2615,
           0.5399,  0.1201, -0.2706, -0.2706, -0.2706],
         [-0.2706, -0.2706, -0.2706, -0.2706, -0.2706, -0.2706, -0.2706,
          -0.2706, -0.2694, -0.2706, -0.2706, -0.2706],
         [-0.2706, -0.2706, -0.2706, -0.2706, -0.2706, -0.2706, -0.2706,
          -0.2706, -0.2706, -0.2706, -0.2706, -0.2706]]])
After Conv2 without biases:
 tensor([[[-0.8383, -1.3162, -1.7413, -1.2611, -1.1065, -3.2658, -4.1747,
          -2.4633],
         [ 0.8754,  0.6112, -1.0860, -0.9166, -0.4217, -1.0097, -1.7410,
          -1.9473],
         [ 1.3022,  0.4893, -0.6215, -0.4151, -0.4111,  0.3972,  0.4165,
          -0.3957],
         [ 0.1629,  0.5713,  0.9165,  0.6056, -0.7937, -1.3416, -0.3964,
           0.2385],
         [-0.5412, -0.3754, -0.3522, -0.6077, -1.8462, -1.9070, -0.3802,
           0.1494],
         [-1.0060, -1.2613, -1.8095, -1.9223, -2.2240, -2.3691, -1.5827,
          -0.6285],
         [-0.1019, -1.0741, -2.4114, -1.2047, -0.5562, -1.3349, -2.5320,
          -1.8848],
         [ 1.2599,  1.0220,  1.2125,  1.5459,  1.2742,  0.6333, -0.5751,
          -1.2085]]])
After Conv2 with biases:
 tensor([[[-0.8613, -1.3392, -1.7643, -1.2841, -1.1295, -3.2888, -4.1977,
          -2.4863],
         [ 0.8524,  0.5882, -1.1090, -0.9396, -0.4447, -1.0327, -1.7640,
          -1.9703],
         [ 1.2792,  0.4663, -0.6445, -0.4381, -0.4341,  0.3743,  0.3935,
          -0.4187],
         [ 0.1399,  0.5483,  0.8935,  0.5826, -0.8167, -1.3646, -0.4194,
           0.2155],
         [-0.5642, -0.3984, -0.3752, -0.6307, -1.8691, -1.9300, -0.4032,
           0.1264],
         [-1.0290, -1.2843, -1.8325, -1.9453, -2.2470, -2.3921, -1.6057,
          -0.6515],
         [-0.1249, -1.0971, -2.4344, -1.2277, -0.5792, -1.3579, -2.5550,
          -1.9078],
         [ 1.2369,  0.9990,  1.1895,  1.5229,  1.2512,  0.6103, -0.5980,
          -1.2315]]])
After Max Pooling2:
 tensor([[[ 0.8524, -0.9396, -0.4447, -1.7640],
         [ 1.2792,  0.8935,  0.3743,  0.3935],
         [-0.3984, -0.3752, -1.8691,  0.1264],
         [ 1.2369,  1.5229,  1.2512, -0.5980]]])
After FC1 Linear:
 tensor([[ -1.0728,  -0.0737,  -1.0392,   0.6430,   1.5926,  -1.2286,  -4.0244,
           0.5244,   0.2249,   2.0176,  -2.9149,   3.0036,  -3.4845,   2.1082,
          -0.7008,  -1.1032,  -0.6701,  -2.6277,  -0.2963,   2.0248,  -0.9513,
          -5.5375,   0.3221,  -1.9695,   0.0934,  -1.4031,  -1.1492,   1.0694,
           3.2312,  -1.3902,   0.3135,   1.1505,  -1.6177,  -0.6108,  -2.6014,
          -1.6759,   3.8294,   2.7259,  -0.3795,  -3.3135,  -4.1986,  -3.1647,
          -1.8694,   0.9934,   1.3055,  -3.5104,  -0.2301,   0.0036,  -3.6814,
           2.0125,  -0.3186,   0.4815,   0.4711,   0.0200,   7.3367,   0.0284,
          -1.4691,  -1.1125,   1.0648,  -1.5182,  -0.1486,   1.9696,  -0.1821,
          -3.1937,   2.3909,  -1.5970,   0.2910,  -1.8248,   3.0782,  -3.5474,
          -2.7761,   1.1543,  -4.3007,  -2.9362,   0.7318,   0.9726,   2.0532,
           2.6441,  -3.8928,   2.6324,   2.3122,  -7.1865,  -3.7529,  -0.3104,
          -2.9686,  -2.8609,   1.1110,  -1.9163,   3.9270,  -0.7225,  -3.2231,
           5.6320,  -2.9980,   0.0113,  -1.3725,  -3.5039,   0.5589,  -0.1172,
          -0.8414,   4.3249,   0.2053,  -1.9588,  -1.4486,   1.6952,   0.3583,
          -2.9420,  -1.5486,   1.6148,  -1.7989,  -1.3105,  -2.8904,  -3.4891,
          -1.4914,   2.3073,   0.0336,   0.5587,   0.4492,   1.9286,   0.0500,
          -5.4112,  -0.9181,   2.0364,   1.8210,   0.2107,   1.5442,   0.6910,
           0.3830,  -2.5138,  -1.5722,   0.7668,   0.0458,   0.9224,  -3.4804,
           4.1904,  -1.8279,  -1.9506,   2.0592,  -3.1553,   0.6677,  -4.0145,
           1.9844,  -0.8882,   2.1877,  -1.3023,   1.3527,   1.1189,  -3.2104,
           1.3406,  -3.3620,   0.4174,   0.7442,  -1.2334,   0.5066,  -0.1142,
           0.7290,   1.4835,  -3.8010,   0.4452,  -1.7000,   3.7647,   0.7370,
           1.9856,  -0.1554,  -0.5187,  -1.4019,  -1.4826,   0.5160,  -1.7189,
           2.9648,   4.9749,  -1.8899,  -0.6233,  -2.7505,  -4.1951,  -2.7873,
           0.5932,   1.2050,  -0.6297,  -1.3270,   1.0606,  -2.6848,  -1.3440,
           5.3060,  -6.4037,  -1.3207,  -4.0334,  -2.7983,  -0.9028,  -1.5433,
           1.0022,  -1.6535,   1.0978,   2.5640,  -2.6220,   4.9371,   0.4211,
           1.2121,  -0.3454,  -3.0423, -10.2914,  -2.0170,   2.4232,  -2.0944,
           0.8978,  -3.9898,   2.6220,  -1.3826,   0.1651,  -1.8238,  -1.9660,
          -0.9358,  -1.1510,   4.1801,  -1.4349,  -0.5212,  -1.3203,  -1.6567,
          -0.6477,  -1.7261,  -0.6206,   1.5993,   1.9987,  -0.6164,   0.2671,
           0.6576,  -0.9232,  -0.6702,  -0.3592,  -3.9089,   1.7386,   0.1566,
           0.1874,   0.6098,   1.6640,  -0.4243,   3.3952,  -1.0628,  -3.4486,
          -1.2512,   1.8215,   0.7770,  -0.8001,  -3.3000,  -1.3371,  -1.7979,
          -5.1390,   0.7335,  -6.9222,  -1.4632,  -0.2666,  -1.7047,  -5.8370,
           0.1458,  -0.5689,  -1.1352,  -0.7801,  -1.9713,  -0.2380,   4.7939,
           1.2023,  -1.4365,   0.2073,   3.6459,  -2.9135,  -0.2698,  -0.9227,
          -0.6917,   2.1624,  -0.8937,   0.6183,  -0.9580,  -0.0392,   0.1760,
          -0.7148,   2.4448,  -2.3373,  -3.3469,   1.8283,   0.5263,   0.4109,
           4.7378,  -0.2583,   3.0498,  -1.8065,  -0.1416,   1.4811,   2.7518,
           2.2624,   1.1621,  -1.4109,  -0.8656,   2.3117,   0.2108,   0.0191,
          -1.1485,   2.0195,  -0.4761,   3.1270,  -1.5836,   3.0383,  -4.2518,
          -1.5396,  -0.2867,  -1.5091,  -3.3290,   3.0969,  -1.9330,  -4.7578,
          -2.8571,  -1.5240,   0.1437,   0.0907,   1.4569,  -3.2829,  -5.4282,
          -2.1023,  -0.8761,  -1.0107,  -1.7049,  -1.2803,   1.3378,   0.6065,
           1.3158,  -0.3784,   1.7289,  -2.1638,   4.2983,   0.8997,   5.9708,
           0.6879,   0.5840,  -3.3434,   3.3655,   3.2727,  -1.3885,  -0.0505,
          -0.2505,  -5.3941,   0.4091,  -2.9558,   2.8290,  -1.1698,  -1.1007,
          -4.0552,  -2.7645,  -1.3233,  -1.8335,   1.2370,  -2.6560,  -1.9404,
          -0.1810,  -2.9522,   2.9012,  -0.6346,   0.5668,   1.6848,   0.3418,
           2.4740,   2.5739,  -2.1792,   5.1263,  -0.8966,  -3.6993,   0.4179,
           3.8299,  -0.8672,  -0.1833,   0.0980,   3.2823,  -0.4167,  -3.1725,
           0.1837,  -2.9626,  -3.5548,  -6.3717,  -1.8498,   0.7662,   1.4373,
          -3.2766,  -1.7680,   0.4159,   1.7777,   2.0807,   0.5941,  -4.4865,
          -1.1573,   3.4270,   0.0504,   0.0136,   2.6104,   1.8092,   0.4017,
           4.9239,   1.3259,  -4.7616,   0.2692,   2.3128,  -0.1780,  -3.3627,
          -0.9868,   1.6646,  -0.7112,  -2.2332,  -0.9539,  -3.0933,   1.5555,
          -0.3002,  -3.0425,   3.6209,   0.3130,   0.7859,  -1.8712,  -1.0367,
          -0.6495,   1.7005,   1.9636,  -0.3705,   0.7277,  -3.1739,   0.0654,
          -5.1540,   1.3940,  -1.8458,  -1.2063,   2.2739,  -2.4895,   1.7089,
          -3.6640,  -1.5188,   2.7825,  -1.5825,   0.5866,  -1.0632,  -0.0233,
          -0.4306,  -4.5030,  -0.2621,  -3.1467,   1.3658,  -2.0986,   0.2429,
           0.4231,  -5.9507,   0.2442,  -1.9048,   2.0183,  -1.1592,  -1.7261,
          -2.6331,  -2.7404,   0.8813,  -2.9488,   0.0538,   0.0007,  -1.3763,
          -1.0311,   0.1422,  -1.2472,  -0.9080,  -2.3774,   0.8159,  -1.2217,
          -2.4098,   5.0882,   3.5867,   0.1683,  -4.0100,   1.2195,  -3.4925,
          -2.5554,   0.2361,  -0.3664,   1.3260,   0.7893,  -4.7428,  -2.9901,
           0.2452,  -2.2727,   0.9818,   2.9047,  -0.6008,  -1.7599,   1.1108,
          -0.3819,   3.6233,  -2.9498,  -2.8103,   0.7589,   0.9608,   1.5441,
          -2.5957,  -1.7653,   3.1073,  -1.5608,   5.1695,  -1.3885,  -3.6949,
           0.5817,   2.4095,  -0.1231]])
After FC1 ReLU:
 tensor([[0.0000, 0.0000, 0.0000, 0.6430, 1.5926, 0.0000, 0.0000, 0.5244, 0.2249,
         2.0176, 0.0000, 3.0036, 0.0000, 2.1082, 0.0000, 0.0000, 0.0000, 0.0000,
         0.0000, 2.0248, 0.0000, 0.0000, 0.3221, 0.0000, 0.0934, 0.0000, 0.0000,
         1.0694, 3.2312, 0.0000, 0.3135, 1.1505, 0.0000, 0.0000, 0.0000, 0.0000,
         3.8294, 2.7259, 0.0000, 0.0000, 0.0000, 0.0000, 0.0000, 0.9934, 1.3055,
         0.0000, 0.0000, 0.0036, 0.0000, 2.0125, 0.0000, 0.4815, 0.4711, 0.0200,
         7.3367, 0.0284, 0.0000, 0.0000, 1.0648, 0.0000, 0.0000, 1.9696, 0.0000,
         0.0000, 2.3909, 0.0000, 0.2910, 0.0000, 3.0782, 0.0000, 0.0000, 1.1543,
         0.0000, 0.0000, 0.7318, 0.9726, 2.0532, 2.6441, 0.0000, 2.6324, 2.3122,
         0.0000, 0.0000, 0.0000, 0.0000, 0.0000, 1.1110, 0.0000, 3.9270, 0.0000,
         0.0000, 5.6320, 0.0000, 0.0113, 0.0000, 0.0000, 0.5589, 0.0000, 0.0000,
         4.3249, 0.2053, 0.0000, 0.0000, 1.6952, 0.3583, 0.0000, 0.0000, 1.6148,
         0.0000, 0.0000, 0.0000, 0.0000, 0.0000, 2.3073, 0.0336, 0.5587, 0.4492,
         1.9286, 0.0500, 0.0000, 0.0000, 2.0364, 1.8210, 0.2107, 1.5442, 0.6910,
         0.3830, 0.0000, 0.0000, 0.7668, 0.0458, 0.9224, 0.0000, 4.1904, 0.0000,
         0.0000, 2.0592, 0.0000, 0.6677, 0.0000, 1.9844, 0.0000, 2.1877, 0.0000,
         1.3527, 1.1189, 0.0000, 1.3406, 0.0000, 0.4174, 0.7442, 0.0000, 0.5066,
         0.0000, 0.7290, 1.4835, 0.0000, 0.4452, 0.0000, 3.7647, 0.7370, 1.9856,
         0.0000, 0.0000, 0.0000, 0.0000, 0.5160, 0.0000, 2.9648, 4.9749, 0.0000,
         0.0000, 0.0000, 0.0000, 0.0000, 0.5932, 1.2050, 0.0000, 0.0000, 1.0606,
         0.0000, 0.0000, 5.3060, 0.0000, 0.0000, 0.0000, 0.0000, 0.0000, 0.0000,
         1.0022, 0.0000, 1.0978, 2.5640, 0.0000, 4.9371, 0.4211, 1.2121, 0.0000,
         0.0000, 0.0000, 0.0000, 2.4232, 0.0000, 0.8978, 0.0000, 2.6220, 0.0000,
         0.1651, 0.0000, 0.0000, 0.0000, 0.0000, 4.1801, 0.0000, 0.0000, 0.0000,
         0.0000, 0.0000, 0.0000, 0.0000, 1.5993, 1.9987, 0.0000, 0.2671, 0.6576,
         0.0000, 0.0000, 0.0000, 0.0000, 1.7386, 0.1566, 0.1874, 0.6098, 1.6640,
         0.0000, 3.3952, 0.0000, 0.0000, 0.0000, 1.8215, 0.7770, 0.0000, 0.0000,
         0.0000, 0.0000, 0.0000, 0.7335, 0.0000, 0.0000, 0.0000, 0.0000, 0.0000,
         0.1458, 0.0000, 0.0000, 0.0000, 0.0000, 0.0000, 4.7939, 1.2023, 0.0000,
         0.2073, 3.6459, 0.0000, 0.0000, 0.0000, 0.0000, 2.1624, 0.0000, 0.6183,
         0.0000, 0.0000, 0.1760, 0.0000, 2.4448, 0.0000, 0.0000, 1.8283, 0.5263,
         0.4109, 4.7378, 0.0000, 3.0498, 0.0000, 0.0000, 1.4811, 2.7518, 2.2624,
         1.1621, 0.0000, 0.0000, 2.3117, 0.2108, 0.0191, 0.0000, 2.0195, 0.0000,
         3.1270, 0.0000, 3.0383, 0.0000, 0.0000, 0.0000, 0.0000, 0.0000, 3.0969,
         0.0000, 0.0000, 0.0000, 0.0000, 0.1437, 0.0907, 1.4569, 0.0000, 0.0000,
         0.0000, 0.0000, 0.0000, 0.0000, 0.0000, 1.3378, 0.6065, 1.3158, 0.0000,
         1.7289, 0.0000, 4.2983, 0.8997, 5.9708, 0.6879, 0.5840, 0.0000, 3.3655,
         3.2727, 0.0000, 0.0000, 0.0000, 0.0000, 0.4091, 0.0000, 2.8290, 0.0000,
         0.0000, 0.0000, 0.0000, 0.0000, 0.0000, 1.2370, 0.0000, 0.0000, 0.0000,
         0.0000, 2.9012, 0.0000, 0.5668, 1.6848, 0.3418, 2.4740, 2.5739, 0.0000,
         5.1263, 0.0000, 0.0000, 0.4179, 3.8299, 0.0000, 0.0000, 0.0980, 3.2823,
         0.0000, 0.0000, 0.1837, 0.0000, 0.0000, 0.0000, 0.0000, 0.7662, 1.4373,
         0.0000, 0.0000, 0.4159, 1.7777, 2.0807, 0.5941, 0.0000, 0.0000, 3.4270,
         0.0504, 0.0136, 2.6104, 1.8092, 0.4017, 4.9239, 1.3259, 0.0000, 0.2692,
         2.3128, 0.0000, 0.0000, 0.0000, 1.6646, 0.0000, 0.0000, 0.0000, 0.0000,
         1.5555, 0.0000, 0.0000, 3.6209, 0.3130, 0.7859, 0.0000, 0.0000, 0.0000,
         1.7005, 1.9636, 0.0000, 0.7277, 0.0000, 0.0654, 0.0000, 1.3940, 0.0000,
         0.0000, 2.2739, 0.0000, 1.7089, 0.0000, 0.0000, 2.7825, 0.0000, 0.5866,
         0.0000, 0.0000, 0.0000, 0.0000, 0.0000, 0.0000, 1.3658, 0.0000, 0.2429,
         0.4231, 0.0000, 0.2442, 0.0000, 2.0183, 0.0000, 0.0000, 0.0000, 0.0000,
         0.8813, 0.0000, 0.0538, 0.0007, 0.0000, 0.0000, 0.1422, 0.0000, 0.0000,
         0.0000, 0.8159, 0.0000, 0.0000, 5.0882, 3.5867, 0.1683, 0.0000, 1.2195,
         0.0000, 0.0000, 0.2361, 0.0000, 1.3260, 0.7893, 0.0000, 0.0000, 0.2452,
         0.0000, 0.9818, 2.9047, 0.0000, 0.0000, 1.1108, 0.0000, 3.6233, 0.0000,
         0.0000, 0.7589, 0.9608, 1.5441, 0.0000, 0.0000, 3.1073, 0.0000, 5.1695,
         0.0000, 0.0000, 0.5817, 2.4095, 0.0000]])
After FC2 Linear:
 tensor([[-0.7960,  2.1425, 16.1234,  8.6682, -6.2420, -6.1747, -9.1373,  2.8654,
          1.8890, -3.5307]])
After Softmax:
 tensor([[4.4846e-08, 8.4702e-07, 9.9942e-01, 5.7808e-04, 1.9346e-10, 2.0692e-10,
         1.0694e-11, 1.7453e-06, 6.5741e-07, 2.9113e-09]])
99.9419% class 2
0.0578% class 3
0.0002% class 7
0.0001% class 1
0.0001% class 8